295
296
297
298
299
96
300
12
301
302
303
304
305
306
307
308
309
310
182
172
221
83
311
312
313
314
315
316
57
29
317
141
318
319
320
234
321
322
323
324
325
133
326
327
328
274
259
329
330
331
332
137
123
333
334
335
336
337
338
339
340
208
256
95
341
342
343
232
27
344
345
346
29
347
348
349
350
351
352
353
354
238
355
356
357
358
359
360
361
362
363
195
364
365
49
146
366
367
217
24
368
369
370
22
95
371
372
373
374
107
375
376
377
225
97
63
378
379
380
381
382
101
292
15
383
384
385
264
103
386
387
388
257
143
389
32
238
390
391
169
392
393
394
79
203
149
47
60
2
122
274
395
108
396
397
398
399
285
400
267
401
402
403
404
120
405
218
406
407
277
408
409
127
179
410
411
163
184
412
413
414
415
416
417
34
157
88
418
56
176
419
204
420
237
421
422
207
423
424
425
161
186
426
427
428
429
117
430
431
432
433
434
435
436
437
218
438
52
19
439
37
440
441
442
443
444
445
136
446
447
264
32
448
118
449
113
450
451
452
453
454
230
455
25
456
457
174
68
458
74
2
196
459
460
461
462
463
464
30
465
466
467
468
469
470
471
472
473
474
475
476
90
477
53
478
479
480
257
481
482
198
483
484
158
92
15
485
486
487
488
489
67
279
289
105
252
181
490
491
188
35
70
492
493
494
244
495
10
50
496
497
254
498
104
168
132
499
500
501
502
275
237
210
503
504
184
505
506
507
224
508
509
211
510
511
512
513
514
515
205
516
293
517
262
518
519
242
520
521
103
522
523
89
524
525
526
183
527
528
124
43
223
529
530
531
94
116
159
532
533
41
534
85
220
535
536
537
9
96
538
539
540
541
542
543
544
545
546
547
548
549
550
551
552
553
554
555
102
556
112
126
557
558
559
560
13
561
562
563
564
565
566
567
568
234
569
570
571
572
2
68
287
150
573
574
575
576
228
577
578
579
580
581
582
583
584
585
586
587
588
111
589
590
591
592
593
128
285
282
594
214
595
596
597
121
203
598
599
600
239
601
602
603
604
605
44
606
25
607
608
66
609
282
64
610
172
611
612
613
20
614
275
615
616
617
618
187
89
619
34
620
166
167
287
119
134
621
622
623
199
624
625
62
626
627
44
265
628
205
629
630
62
631
76
206
117
632
633
92
634
635
147
636
637
638
58
639
263
640
179
266
641
241
75
281
642
130
643
644
91
645
138
212
646
197
647
648
11
88
47
79
284
649
162
650
651
652
13
653
254
3
654
76
154
12
245
655
656
52
63
657
658
659
660
661
54
662
663
42
664
665
666
667
668
669
670
671
672
673
674
93
164
190
675
676
294
677
678
679
680
681
176
31
682
165
683
684
80
232
80
685
126
253
686
687
688
689
146
215
135
690
6
691
692
693
122
694
695
8
696
697
698
243
699
700
701
702
148
703
704
705
104
706
213
707
708
709
710
711
712
21
713
129
714
715
172
716
717
233
280
229
718
719
720
721
199
722
3
723
258
238
46
193
55
724
725
265
726
727
728
26
729
191
730
731
148
732
733
153
734
735
83
736
103
268
200
64
737
738
739
194
740
278
741
742
743
744
87
745
135
746
116
747
94
748
187
749
750
751
752
135
273
72
753
248
754
755
756
757
758
158
759
760
761
21
762
38
66
763
764
27
97
201
765
131
766
767
9
768
20
769
770
43
227
33
771
217
772
100
773
774
775
776
57
189
236
777
277
778
119
779
207
780
781
782
783
163
784
26
106
785
786
246
787
788
789
790
791
792
793
123
222
794
211
96
69
795
43
796
797
798
799
192
800
801
802
803
804
120
805
806
807
84
808
276
809
810
811
812
813
814
131
815
816
817
168
31
202
193
818
101
819
820
821
81
822
823
224
824
825
826
827
828
829
830
831
832
833
834
835
836
837
838
839
840
65
189
69
41
87
841
73
842
843
844
284
845
247
147
846
847
848
849
850
851
852
853
74
854
855
856
4
857
858
859
860
861
862
1
863
222
30
182
291
78
252
864
865
866
867
868
869
870
99
871
872
125
873
874
44
158
0
875
876
877
878
879
114
880
881
162
226
882
161
883
884
133
885
7
886
887
4
86
888
889
890
891
892
893
894
895
896
88
11
147
897
5
143
108
898
899
61
56
900
901
137
152
902
219
903
122
904
905
906
907
908
17
909
193
216
910
25
10
0
911
6
912
58
913
48
278
914
186
915
916
917
918
919
920
166
286
921
922
923
924
925
129
926
927
928
929
930
139
931
83
932
933
47
240
934
202
935
936
937
938
281
139
149
156
201
939
127
940
941
942
943
944
199
945
24
946
947
78
948
276
949
950
951
952
953
954
37
955
54
956
957
288
290
958
42
959
960
173
961
962
963
964
965
966
967
968
292
969
970
33
971
972
973
974
975
976
53
266
250
119
68
977
978
18
979
980
981
982
136
289
983
72
81
256
984
985
986
987
142
988
989
990
991
992
993
149
171
994
279
995
996
997
998
999
1000
1001
1002
1003
1004
267
1005
1006
1007
1008
1009
1010
1011
182
1012
1013
1014
1015
1016
1017
1018
1019
244
1020
1021
1022
262
1023
1024
1025
160
169
36
1026
1027
258
1028
100
1029
1030
178
16
159
236
1031
1032
1033
1034
1035
1036
1037
1038
1039
1040
1041
271
1042
23
1043
1044
124
1045
229
1046
1047
5
1048
12
175
59
176
133
1049
1050
1051
250
1052
1053
283
1054
1055
235
114
1056
1057
1058
189
21
1059
1060
215
1061
1062
231
1063
30
111
1064
1065
1066
1067
1068
1069
17
1070
196
123
202
152
109
1071
255
28
1072
209
29
204
66
1073
1074
1075
1076
1077
130
1078
111
228
102
227
1079
1080
124
1081
1082
134
1083
1084
1085
1086
112
1
1087
98
1088
1089
1090
1091
1092
1093
1094
81
1095
1096
1097
181
155
190
1098
71
1099
84
1100
1101
1102
102
95
1103
1104
270
1105
1106
215
1107
1108
1109
10
1110
1111
87
38
1112
1113
1114
1115
1116
1117
1118
1119
1120
1121
146
113
109
1122
1123
1124
1125
1126
120
154
145
1127
261
23
1128
1129
1130
1131
1132
141
1133
1134
1135
1136
1137
1138
82
1139
1140
1141
53
1142
104
1143
1144
1145
226
1146
45
1147
1148
177
1149
77
1150
1151
1152
1153
1154
41
60
71
0
69
1155
1156
1157
121
26
227
1158
51
134
1159
1160
208
156
1161
1162
1163
39
1164
1165
1166
1167
290
1168
1169
1170
249
1171
51
36
1172
170
1173
173
1174
1175
165
1176
1177
105
1178
1179
280
1180
1181
197
116
1182
180
136
1183
1184
1185
1186
40
1187
1188
67
183
80
7
192
64
1189
1190
1191
1192
1193
1194
1195
1196
1197
1198
1199
35
1200
1201
249
1202
109
39
65
1203
42
16
31
150
1204
1205
1206
1207
1208
1209
90
1210
268
1211
288
152
1212
1213
127
173
1214
1215
153
1216
34
60
48
1217
73
1218
1219
14
92
1220
1221
226
1222
1223
1224
185
1225
233
1226
113
1227
1228
1229
231
79
1230
1231
1232
15
1233
262
245
247
14
8
24
1234
255
1235
1236
164
1237
191
1238
1239
1240
1241
261
1242
1243
1244
130
1245
1246
248
1247
160
1248
38
1249
1250
1251
1252
1253
1254
1255
1256
18
115
150
198
112
1257
1258
283
223
1259
77
272
1260
1261
1262
219
1263
1264
22
1265
1266
263
1267
1268
1269
1270
251
177
179
1271
1272
1273
1274
1275
1276
107
1277
74
241
1278
1279
1280
1281
1282
20
1283
1284
1285
167
1286
1287
1288
37
228
270
1289
1290
1291
1292
1293
1294
1295
67
1296
1297
1298
1299
1300
51
1301
1302
1303
1304
1305
1306
1307
1308
55
219
108
225
1309
174
1310
1311
167
1312
1313
1314
1315
1316
1317
1318
1319
240
1320
1321
1322
1323
1324
1325
1326
260
39
1327
106
1328
75
142
1329
1330
220
1331
251
1332
291
1
1333
1334
1335
1336
1337
171
19
1338
1339
239
1340
140
128
1341
151
1342
82
1343
1344
1345
1346
1347
28
1348
166
1349
73
1350
1351
1352
1353
5
1354
1355
1356
1357
1358
1359
230
56
52
155
1360
1361
1362
132
180
1363
1364
1365
234
273
106
1366
1367
1368
288
145
1369
1370
1371
50
1372
1373
110
1374
1375
78
1376
1377
225
1378
32
1379
1380
1381
1382
70
1383
58
1384
1385
1386
1387
1388
1389
1390
1391
1392
1393
1394
213
1395
1396
14
1397
1398
144
1399
1400
17
1401
1402
142
1403
19
165
33
118
1404
118
1405
272
105
1406
1407
1408
49
1409
1410
1411
1412
1413
9
209
148
201
1414
1415
1416
7
1417
35
1418
93
194
1419
1420
260
59
1421
180
1422
138
82
1423
1424
85
153
1425
3
86
1426
1427
98
1428
1429
1430
1431
175
46
1432
1433
243
1434
271
210
1435
253
1436
1437
1438
1439
1440
1441
1442
200
1443
1444
1445
1446
1447
1448
1449
55
1450
94
1451
214
1452
115
1453
1454
195
1455
65
1456
1457
1458
293
144
216
1459
1460
6
1461
1462
140
242
1463
1464
1465
269
188
1466
1467
1468
1469
1470
1471
40
1472
1473
1474
1475
221
259
1476
1477
1478
1479
1480
1481
1482
1483
162
1484
23
114
1485
1486
145
1487
72
50
206
1488
156
235
1489
1490
1491
1492
139
1493
13
1494
1495
90
174
1496
1497
170
1498
1499
1500
151
1501
76
144
1502
11
1503
71
1504
1505
18
1506
1507
1508
286
1509
1510
99
1511
1512
91
126
1513
1514
45
1515
1516
1517
91
1518
212
1519
1520
1521
125
1522
1523
1524
1525
1526
99
1527
1528
1529
185
269
1530
1531
4
1532
1533
1534
1535
191
86
1536
1537
246
1538
137
1539
157
1540
1541
1542
178
1543
110
1544
1545
1546
1547
1548
1549
45
46
170
1550
1551
1552
1553
1554
61
1555
1556
75
1557
1558
1559
1560
1561
1562
49
1563
294
1564
59
1565
178
1566
1567
1568
1569
1570
1571